ID: 25525 Fitness: 81
186
158
0.007341746303087704
6
63
3
0.82403458327701
3
111
139
0.22684420998738009
0.11342210499369004
1
11
163
246
0.34195335530837145
0.17097667765418573
2
25
41
136
0.5889083296518167
7
16
157
257
0.994245348228085
7
24
22
0.3564098744420704
3
2
0.10670767227837752
0.4863089674340274
121
168
227
0.0020096720053889294
2
17
0.6167092758433379
6
0.879672851970749
0.15095624007914143
0.6520492287874612
0.6089925875589025
0.910528568172105
0.3947355899444829
0.3944997574350342


